[{"term":"rami","rami":0,"nashashibi":2,"uses":14.3178210632764,"graffiti":12,"calligraphy":11.1803398874989,"hip-hop":6,"work":37.8813938497516,"healing":21.1896201004171,"force":14.9331845230681,"south":11.6619037896906,"side":24.1867732448956,"chicago":14.1774468787578,"palestinian-american":14,"started":19.9248588451713,"activism":14.5945195193264,"at-risk":14,"urban":8.06225774829855,"muslim":67.6387462923434,"families":10.9544511501033,"especially":22.0680764907139,"youth":14.1774468787578,"still":26.944387170615,"college":14.5945195193264,"student":14.1067359796659,"now":67.955868032128,"leader":16.7032930884901,"globally-emulated":14,"project":14.7986485869487,"converging":13.0384048104053,"religious":45.7820925690384,"virtues":12.8452325786651,"arts":8.60232526704263,"social":27.9105714739057,"action":12.5299640861417,"fascinating":14.5258390463339,"face":15.7797338380595,"muslim-american":14.0356688476182,"dream":7.28010988928052,"flourishing":14,"odds":14.2828568570857,"post-9":14.1067359796659},
{"term":"nashashibi","rami":2,"nashashibi":0,"uses":12.369316876853,"graffiti":10,"calligraphy":9.21954445729289,"hip-hop":4,"work":37.72267222772,"healing":19.9248588451713,"force":13.076696830622,"south":10.1980390271856,"side":24.0208242989286,"chicago":16.1554944214035,"palestinian-american":12,"started":19.2093727122985,"activism":12.6885775404495,"at-risk":12,"urban":6.08276253029822,"muslim":68.2861625807162,"families":9.38083151964686,"especially":20.8566536146142,"youth":12.2065556157337,"still":27.0924343682881,"college":12.8452325786651,"student":12.2882057274445,"now":68.07348970047,"leader":15.0665191733194,"globally-emulated":12,"project":13.228756555323,"converging":11.0453610171873,"religious":45.4312667664022,"virtues":11,"arts":6.78232998312527,"social":27.3313007374329,"action":11.3578166916005,"fascinating":12.6095202129185,"face":14.1774468787578,"muslim-american":12.0415945787923,"dream":5.74456264653803,"flourishing":12,"odds":12.328828005938,"post-9":12.1243556529821},
{"term":"uses","rami":14.3178210632764,"nashashibi":12.369316876853,"uses":0,"graffiti":3.60555127546399,"calligraphy":3.74165738677394,"hip-hop":8.54400374531753,"work":37.6563407675255,"healing":15.8113883008419,"force":4.89897948556636,"south":8.42614977317636,"side":26.229754097208,"chicago":28.2488937836511,"palestinian-american":3,"started":18.9736659610103,"activism":5.09901951359278,"at-risk":3,"urban":6.78232998312527,"muslim":73.2120208708925,"families":8.54400374531753,"especially":16.5529453572468,"youth":3.74165738677394,"still":29.8831055949679,"college":6.16441400296898,"student":6.32455532033676,"now":68.9274981411628,"leader":8.83176086632785,"globally-emulated":3,"project":9.16515138991168,"converging":3.3166247903554,"religious":43.6004587131833,"virtues":5.09901951359278,"arts":6.557438524302,"social":26.8700576850888,"action":11.3137084989848,"fascinating":4.69041575982343,"face":8.60232526704263,"muslim-american":3.16227766016838,"dream":9.38083151964686,"flourishing":3,"odds":4.12310562561766,"post-9":2.82842712474619},
{"term":"graffiti","rami":12,"nashashibi":10,"uses":3.60555127546399,"graffiti":0,"calligraphy":2.23606797749979,"hip-hop":6,"work":38.5097390279394,"healing":16.0312195418814,"force":5.56776436283002,"south":8,"side":25.6320112359526,"chicago":26.0959767013998,"palestinian-american":2,"started":18.6815416922694,"activism":4.58257569495584,"at-risk":2,"urban":4.12310562561766,"muslim":72.2703258606186,"families":6.92820323027551,"especially":17.1755640373177,"youth":3,"still":29.8998327754521,"college":6.70820393249937,"student":5.56776436283002,"now":69.5269731830748,"leader":9.32737905308882,"globally-emulated":2,"project":8.66025403784439,"converging":1.4142135623731,"religious":44.988887516808,"virtues":4.58257569495584,"arts":5.09901951359278,"social":26.5894716006167,"action":10.4403065089106,"fascinating":4.35889894354067,"face":9,"muslim-american":2.23606797749979,"dream":7.28010988928052,"flourishing":2,"odds":3.46410161513775,"post-9":2.64575131106459},
{"term":"calligraphy","rami":11.1803398874989,"nashashibi":9.21954445729289,"uses":3.74165738677394,"graffiti":2.23606797749979,"calligraphy":0,"hip-hop":5.3851648071345,"work":37.9473319220206,"healing":16.1864140562386,"force":6.32455532033676,"south":7.93725393319377,"side":25.377155080899,"chicago":25.1793566240283,"palestinian-american":3.60555127546399,"started":18.3847763108502,"activism":5.47722557505166,"at-risk":3.60555127546399,"urban":3.74165738677394,"muslim":71.8192174839019,"families":6.85565460040104,"especially":17.2046505340853,"youth":4.24264068711928,"still":29.1376045686669,"college":6.6332495807108,"student":6.16441400296898,"now":69.1447756522501,"leader":9.59166304662544,"globally-emulated":3.60555127546399,"project":8.94427190999916,"converging":3,"religious":44.9332838773219,"virtues":5.09901951359278,"arts":3.3166247903554,"social":26.5706605111728,"action":10.295630140987,"fascinating":5.29150262212918,"face":9.38083151964686,"muslim-american":3.74165738677394,"dream":6.78232998312527,"flourishing":3.60555127546399,"odds":4.58257569495584,"post-9":3.46410161513775},
{"term":"hip-hop","rami":6,"nashashibi":4,"uses":8.54400374531753,"graffiti":6,"calligraphy":5.3851648071345,"hip-hop":0,"work":37.72267222772,"healing":17.8044938147649,"force":9.53939201416946,"south":8,"side":24.1867732448956,"chicago":20.1246117974981,"palestinian-american":8,"started":18.3575597506858,"activism":9,"at-risk":8,"urban":2.23606797749979,"muslim":69.7352134864446,"families":6.92820323027551,"especially":18.8414436814168,"youth":8.30662386291807,"still":27.8208554864871,"college":9.64365076099295,"student":8.88819441731559,"now":68.4835746730557,"leader":12.1243556529821,"globally-emulated":8,"project":10.5356537528527,"converging":7.07106781186548,"religious":44.988887516808,"virtues":7.54983443527075,"arts":3.74165738677394,"social":26.5894716006167,"action":9.8488578017961,"fascinating":8.88819441731559,"face":11.3578166916005,"muslim-american":8.06225774829855,"dream":4.12310562561766,"flourishing":8,"odds":8.48528137423857,"post-9":8.18535277187245},
{"term":"work","rami":37.8813938497516,"nashashibi":37.72267222772,"uses":37.6563407675255,"graffiti":38.5097390279394,"calligraphy":37.9473319220206,"hip-hop":37.72267222772,"work":0,"healing":31.1448230047949,"force":36.7695526217005,"south":35.8468966578698,"side":27.9642629082191,"chicago":41.4969878424929,"palestinian-american":38.9743505398102,"started":35.1567916624939,"activism":38.5486705347928,"at-risk":38.9743505398102,"urban":37.7888872553824,"muslim":72.1248916810278,"families":35.5387112878337,"especially":32.5269119345812,"youth":38.6522961801754,"still":33.6005952328229,"college":36.9594372251527,"student":36.6606055596467,"now":46.6797600679352,"leader":37.7359245282264,"globally-emulated":38.9743505398102,"project":37.2021504754766,"converging":38.6393581727233,"religious":38.2491829978106,"virtues":37.5765884561119,"arts":37.296112397943,"social":37.973675092095,"action":35.4118624192515,"fascinating":37.868192457523,"face":35.7770876399966,"muslim-american":38.8072158238645,"dream":36.0832371053374,"flourishing":38.9743505398102,"odds":38.405728739343,"post-9":38.6005181312376},
{"term":"healing","rami":21.1896201004171,"nashashibi":19.9248588451713,"uses":15.8113883008419,"graffiti":16.0312195418814,"calligraphy":16.1864140562386,"hip-hop":17.8044938147649,"work":31.1448230047949,"healing":0,"force":14.4913767461894,"south":17,"side":23.6643191323985,"chicago":32.2800247831379,"palestinian-american":15.9059737205869,"started":23.2379000772445,"activism":16.3095064303001,"at-risk":15.9059737205869,"urban":17.0293863659264,"muslim":74.2967024840268,"families":16.4620776331543,"especially":18.7616630392937,"youth":16.062378404209,"still":31.7017349682947,"college":16.8522995463527,"student":12.8062484748657,"now":65.4140657657052,"leader":17.9443584449264,"globally-emulated":15.9059737205869,"project":17.2046505340853,"converging":15.9687194226713,"religious":45.7930125674212,"virtues":16.5529453572468,"arts":17.1172427686237,"social":29.5972971738975,"action":18,"fascinating":15.9373774505092,"face":18,"muslim-american":15.8745078663875,"dream":16.5529453572468,"flourishing":15.9059737205869,"odds":15.9059737205869,"post-9":15.8745078663875},
{"term":"force","rami":14.9331845230681,"nashashibi":13.076696830622,"uses":4.89897948556636,"graffiti":5.56776436283002,"calligraphy":6.32455532033676,"hip-hop":9.53939201416946,"work":36.7695526217005,"healing":14.4913767461894,"force":0,"south":8.06225774829855,"side":24.9399278266799,"chicago":28.5657137141714,"palestinian-american":5.19615242270663,"started":18.6547581061776,"activism":6.6332495807108,"at-risk":5.19615242270663,"urban":8,"muslim":72.759879054325,"families":8.66025403784439,"especially":14.6969384566991,"youth":4.89897948556636,"still":28.8963665535998,"college":6.78232998312527,"student":6.16441400296898,"now":67.4759216313494,"leader":9.79795897113271,"globally-emulated":5.19615242270663,"project":9.89949493661167,"converging":5.19615242270663,"religious":43.5315977193578,"virtues":6.92820323027551,"arts":8.42614977317636,"social":26.0384331325831,"action":11.3137084989848,"fascinating":5.8309518948453,"face":9.16515138991168,"muslim-american":5.29150262212918,"dream":10.0995049383621,"flourishing":5.19615242270663,"odds":5,"post-9":5.47722557505166},
{"term":"south","rami":11.6619037896906,"nashashibi":10.1980390271856,"uses":8.42614977317636,"graffiti":8,"calligraphy":7.93725393319377,"hip-hop":8,"work":35.8468966578698,"healing":17,"force":8.06225774829855,"south":0,"side":23.3023603954621,"chicago":24.1867732448956,"palestinian-american":8.94427190999916,"started":16.1554944214035,"activism":9.74679434480896,"at-risk":8.94427190999916,"urban":7.54983443527075,"muslim":70.3775532396516,"families":8.94427190999916,"especially":16.6433169770932,"youth":8.77496438739212,"still":24.576411454889,"college":8.42614977317636,"student":9.74679434480896,"now":65.6201188660917,"leader":10.4403065089106,"globally-emulated":8.94427190999916,"project":10.9087121146357,"converging":8.24621125123532,"religious":41.1096095821889,"virtues":8.66025403784439,"arts":8,"social":24.1453929352993,"action":8.54400374531753,"fascinating":9.21954445729289,"face":9.1104335791443,"muslim-american":9,"dream":7.68114574786861,"flourishing":8.94427190999916,"odds":9.05538513813742,"post-9":8.88819441731559},
{"term":"side","rami":24.1867732448956,"nashashibi":24.0208242989286,"uses":26.229754097208,"graffiti":25.6320112359526,"calligraphy":25.377155080899,"hip-hop":24.1867732448956,"work":27.9642629082191,"healing":23.6643191323985,"force":24.9399278266799,"south":23.3023603954621,"side":0,"chicago":29.4278779391243,"palestinian-american":26.4007575648882,"started":25.6515106767613,"activism":26.5329983228432,"at-risk":26.4007575648882,"urban":24.4948974278318,"muslim":69.3108938046538,"families":24.1039415863879,"especially":23.5796522451032,"youth":26.343879744639,"still":24.4744765010408,"college":25.0199920063936,"student":24.7790233867277,"now":58.2322934461627,"leader":26.9072480941474,"globally-emulated":26.4007575648882,"project":22.1359436211787,"converging":25.9807621135332,"religious":41.146081222882,"virtues":25.5734237050888,"arts":24.5560583156173,"social":28.8097205817759,"action":22.0907220343745,"fascinating":25.4165300542777,"face":23.832750575626,"muslim-american":26.3818119165458,"dream":23.0651251893416,"flourishing":26.4007575648882,"odds":25.5147016443461,"post-9":26.3818119165458},
{"term":"chicago","rami":14.1774468787578,"nashashibi":16.1554944214035,"uses":28.2488937836511,"graffiti":26.0959767013998,"calligraphy":25.1793566240283,"hip-hop":20.1246117974981,"work":41.4969878424929,"healing":32.2800247831379,"force":28.5657137141714,"south":24.1867732448956,"side":29.4278779391243,"chicago":0,"palestinian-american":28.0891438103763,"started":28.2488937836511,"activism":28.3901391331568,"at-risk":28.0891438103763,"urban":22.1359436211787,"muslim":64.7147587494538,"families":23.7276210354093,"especially":32.7414110874898,"youth":28.1780056072107,"still":29.6816441593117,"college":27.7488738510232,"student":27.5317997958724,"now":67.9926466612383,"leader":28.9482296522603,"globally-emulated":28.0891438103763,"project":27.459060435492,"converging":27.1108834234519,"religious":50.4479930225178,"virtues":26.4952825989835,"arts":22.3383079036887,"social":34.7850542618522,"action":24.0416305603426,"fascinating":28.3196045170126,"face":28.2134719593318,"muslim-american":28.1069386451104,"dream":20.5426385841741,"flourishing":28.0891438103763,"odds":28.1602556806574,"post-9":28.1424945589406},
{"term":"palestinian-american","rami":14,"nashashibi":12,"uses":3,"graffiti":2,"calligraphy":3.60555127546399,"hip-hop":8,"work":38.9743505398102,"healing":15.9059737205869,"force":5.19615242270663,"south":8.94427190999916,"side":26.4007575648882,"chicago":28.0891438103763,"palestinian-american":0,"started":19.2093727122985,"activism":4.12310562561766,"at-risk":0,"urban":6.08276253029822,"muslim":73.2051910727648,"families":8,"especially":17.058722109232,"youth":2.23606797749979,"still":30.8220700148449,"college":6.70820393249937,"student":5.56776436283002,"now":69.9857128276908,"leader":9.1104335791443,"globally-emulated":0,"project":8.88819441731559,"converging":1.4142135623731,"religious":45.1663591625449,"virtues":5,"arts":6.78232998312527,"social":26.8886593194975,"action":11.3578166916005,"fascinating":3.87298334620742,"face":9,"muslim-american":1,"dream":9,"flourishing":0,"odds":2.82842712474619,"post-9":1.73205080756888},
{"term":"started","rami":19.9248588451713,"nashashibi":19.2093727122985,"uses":18.9736659610103,"graffiti":18.6815416922694,"calligraphy":18.3847763108502,"hip-hop":18.3575597506858,"work":35.1567916624939,"healing":23.2379000772445,"force":18.6547581061776,"south":16.1554944214035,"side":25.6515106767613,"chicago":28.2488937836511,"palestinian-american":19.2093727122985,"started":0,"activism":18.7616630392937,"at-risk":19.2093727122985,"urban":18.1107702762748,"muslim":71.147733625183,"families":17.464249196573,"especially":17.9443584449264,"youth":18.8148877222268,"still":23.5159520326097,"college":16.9705627484771,"student":19.131126469709,"now":59.2536918681022,"leader":18.7082869338697,"globally-emulated":19.2093727122985,"project":19.8997487421324,"converging":18.6815416922694,"religious":41.7013189239861,"virtues":18.3847763108502,"arts":18.1383571472171,"social":23.4946802489415,"action":20,"fascinating":18.3303027798234,"face":15.4272486205415,"muslim-american":19.1833260932509,"dream":17.832554500127,"flourishing":19.2093727122985,"odds":18.5741756210067,"post-9":18.9736659610103},
{"term":"activism","rami":14.5945195193264,"nashashibi":12.6885775404495,"uses":5.09901951359278,"graffiti":4.58257569495584,"calligraphy":5.47722557505166,"hip-hop":9,"work":38.5486705347928,"healing":16.3095064303001,"force":6.6332495807108,"south":9.74679434480896,"side":26.5329983228432,"chicago":28.3901391331568,"palestinian-american":4.12310562561766,"started":18.7616630392937,"activism":0,"at-risk":4.12310562561766,"urban":7.34846922834953,"muslim":73.3212111192934,"families":8.06225774829855,"especially":17.0880074906351,"youth":4.69041575982343,"still":30.6431068920891,"college":7.87400787401181,"student":6.92820323027551,"now":69.173694422085,"leader":10,"globally-emulated":4.12310562561766,"project":9.79795897113271,"converging":4.35889894354067,"religious":45.1995575199581,"virtues":5.65685424949238,"arts":7.93725393319377,"social":26.7955220139485,"action":11.8321595661992,"fascinating":4.69041575982343,"face":9.48683298050514,"muslim-american":4.24264068711928,"dream":9.69535971483266,"flourishing":4.12310562561766,"odds":5,"post-9":4.47213595499958},
{"term":"at-risk","rami":14,"nashashibi":12,"uses":3,"graffiti":2,"calligraphy":3.60555127546399,"hip-hop":8,"work":38.9743505398102,"healing":15.9059737205869,"force":5.19615242270663,"south":8.94427190999916,"side":26.4007575648882,"chicago":28.0891438103763,"palestinian-american":0,"started":19.2093727122985,"activism":4.12310562561766,"at-risk":0,"urban":6.08276253029822,"muslim":73.2051910727648,"families":8,"especially":17.058722109232,"youth":2.23606797749979,"still":30.8220700148449,"college":6.70820393249937,"student":5.56776436283002,"now":69.9857128276908,"leader":9.1104335791443,"globally-emulated":0,"project":8.88819441731559,"converging":1.4142135623731,"religious":45.1663591625449,"virtues":5,"arts":6.78232998312527,"social":26.8886593194975,"action":11.3578166916005,"fascinating":3.87298334620742,"face":9,"muslim-american":1,"dream":9,"flourishing":0,"odds":2.82842712474619,"post-9":1.73205080756888},
{"term":"urban","rami":8.06225774829855,"nashashibi":6.08276253029822,"uses":6.78232998312527,"graffiti":4.12310562561766,"calligraphy":3.74165738677394,"hip-hop":2.23606797749979,"work":37.7888872553824,"healing":17.0293863659264,"force":8,"south":7.54983443527075,"side":24.4948974278318,"chicago":22.1359436211787,"palestinian-american":6.08276253029822,"started":18.1107702762748,"activism":7.34846922834953,"at-risk":6.08276253029822,"urban":0,"muslim":70.5407683541936,"families":5.91607978309962,"especially":18.0554700852678,"youth":6.48074069840786,"still":28.1957443597434,"college":8.24621125123532,"student":7.48331477354788,"now":68.5346627627218,"leader":10.9544511501033,"globally-emulated":6.08276253029822,"project":9.38083151964686,"converging":5.19615242270663,"religious":44.9110231457712,"virtues":6.16441400296898,"arts":3.3166247903554,"social":26.4575131106459,"action":9.69535971483266,"fascinating":7.21110255092798,"face":10.0995049383621,"muslim-american":6.16441400296898,"dream":4.69041575982343,"flourishing":6.08276253029822,"odds":6.557438524302,"post-9":6.32455532033676},
{"term":"muslim","rami":67.6387462923434,"nashashibi":68.2861625807162,"uses":73.2120208708925,"graffiti":72.2703258606186,"calligraphy":71.8192174839019,"hip-hop":69.7352134864446,"work":72.1248916810278,"healing":74.2967024840268,"force":72.759879054325,"south":70.3775532396516,"side":69.3108938046538,"chicago":64.7147587494538,"palestinian-american":73.2051910727648,"started":71.147733625183,"activism":73.3212111192934,"at-risk":73.2051910727648,"urban":70.5407683541936,"muslim":0,"families":71.2249956124955,"especially":71.147733625183,"youth":73.2393336944022,"still":65.8862656401165,"college":71.7216843081644,"student":72.8148336535901,"now":75.1598296964542,"leader":71.7356257378438,"globally-emulated":73.2051910727648,"project":72.759879054325,"converging":72.7392603756733,"religious":76.124897372673,"virtues":71.7913643831903,"arts":69.9213844256534,"social":72,"action":68.5419579527752,"fascinating":72.069410986909,"face":71.3161973187017,"muslim-american":72.5947656515261,"dream":68.9347517584563,"flourishing":73.2051910727648,"odds":72.642962494656,"post-9":72.4706837279737},
{"term":"families","rami":10.9544511501033,"nashashibi":9.38083151964686,"uses":8.54400374531753,"graffiti":6.92820323027551,"calligraphy":6.85565460040104,"hip-hop":6.92820323027551,"work":35.5387112878337,"healing":16.4620776331543,"force":8.66025403784439,"south":8.94427190999916,"side":24.1039415863879,"chicago":23.7276210354093,"palestinian-american":8,"started":17.464249196573,"activism":8.06225774829855,"at-risk":8,"urban":5.91607978309962,"muslim":71.2249956124955,"families":0,"especially":17.1755640373177,"youth":7.93725393319377,"still":27.2763633939717,"college":8.18535277187245,"student":7.81024967590665,"now":65.5133574166368,"leader":11.1803398874989,"globally-emulated":8,"project":10.1488915650922,"converging":7.48331477354788,"religious":44.5421149026402,"virtues":8.06225774829855,"arts":7.07106781186548,"social":26.0959767013998,"action":10.4403065089106,"fascinating":8.30662386291807,"face":9.53939201416946,"muslim-american":8.06225774829855,"dream":7.41619848709566,"flourishing":8,"odds":8,"post-9":8.18535277187245},
{"term":"especially","rami":22.0680764907139,"nashashibi":20.8566536146142,"uses":16.5529453572468,"graffiti":17.1755640373177,"calligraphy":17.2046505340853,"hip-hop":18.8414436814168,"work":32.5269119345812,"healing":18.7616630392937,"force":14.6969384566991,"south":16.6433169770932,"side":23.5796522451032,"chicago":32.7414110874898,"palestinian-american":17.058722109232,"started":17.9443584449264,"activism":17.0880074906351,"at-risk":17.058722109232,"urban":18.0554700852678,"muslim":71.147733625183,"families":17.1755640373177,"especially":0,"youth":16.9115345252878,"still":24.7184141886165,"college":14.2126704035519,"student":17.0880074906351,"now":62.104750220897,"leader":17.7200451466693,"globally-emulated":17.058722109232,"project":18.0554700852678,"converging":17,"religious":42.3910367884533,"virtues":17.0293863659264,"arts":17.9164728671689,"social":25.9615099714943,"action":18.9208879284245,"fascinating":16.062378404209,"face":16.8522995463527,"muslim-american":16.8522995463527,"dream":18.8148877222268,"flourishing":17.058722109232,"odds":16.4012194668567,"post-9":16.6733320005331},
{"term":"youth","rami":14.1774468787578,"nashashibi":12.2065556157337,"uses":3.74165738677394,"graffiti":3,"calligraphy":4.24264068711928,"hip-hop":8.30662386291807,"work":38.6522961801754,"healing":16.062378404209,"force":4.89897948556636,"south":8.77496438739212,"side":26.343879744639,"chicago":28.1780056072107,"palestinian-american":2.23606797749979,"started":18.8148877222268,"activism":4.69041575982343,"at-risk":2.23606797749979,"urban":6.48074069840786,"muslim":73.2393336944022,"families":7.93725393319377,"especially":16.9115345252878,"youth":0,"still":30.5122926047847,"college":6.48074069840786,"student":5.8309518948453,"now":69.5197813575388,"leader":9.38083151964686,"globally-emulated":2.23606797749979,"project":8.94427190999916,"converging":1.73205080756888,"religious":45,"virtues":5.09901951359278,"arts":7.14142842854285,"social":25.3377189186399,"action":11.5758369027902,"fascinating":4,"face":9.16515138991168,"muslim-american":2.44948974278318,"dream":9.2736184954957,"flourishing":2.23606797749979,"odds":3.60555127546399,"post-9":2.82842712474619},
{"term":"still","rami":26.944387170615,"nashashibi":27.0924343682881,"uses":29.8831055949679,"graffiti":29.8998327754521,"calligraphy":29.1376045686669,"hip-hop":27.8208554864871,"work":33.6005952328229,"healing":31.7017349682947,"force":28.8963665535998,"south":24.576411454889,"side":24.4744765010408,"chicago":29.6816441593117,"palestinian-american":30.8220700148449,"started":23.5159520326097,"activism":30.6431068920891,"at-risk":30.8220700148449,"urban":28.1957443597434,"muslim":65.8862656401165,"families":27.2763633939717,"especially":24.7184141886165,"youth":30.5122926047847,"still":0,"college":27.0370116691915,"student":29.6141857899217,"now":52.5166640220035,"leader":29.0688837074973,"globally-emulated":30.8220700148449,"project":28.7576076890968,"converging":30.199337741083,"religious":40.7921561087423,"virtues":29.5803989154981,"arts":27.7848879788996,"social":30.7733651068582,"action":26.3248931621764,"fascinating":29.9833287011299,"face":27.0370116691915,"muslim-american":30.7408522978788,"dream":26.2868788561898,"flourishing":30.8220700148449,"odds":30.0665927567458,"post-9":30.1164406927512},
{"term":"college","rami":14.5945195193264,"nashashibi":12.8452325786651,"uses":6.16441400296898,"graffiti":6.70820393249937,"calligraphy":6.6332495807108,"hip-hop":9.64365076099295,"work":36.9594372251527,"healing":16.8522995463527,"force":6.78232998312527,"south":8.42614977317636,"side":25.0199920063936,"chicago":27.7488738510232,"palestinian-american":6.70820393249937,"started":16.9705627484771,"activism":7.87400787401181,"at-risk":6.70820393249937,"urban":8.24621125123532,"muslim":71.7216843081644,"families":8.18535277187245,"especially":14.2126704035519,"youth":6.48074069840786,"still":27.0370116691915,"college":0,"student":7.74596669241483,"now":65.9621103361619,"leader":9.59166304662544,"globally-emulated":6.70820393249937,"project":9.59166304662544,"converging":6.40312423743285,"religious":43.0232495285979,"virtues":7.74596669241483,"arts":8.06225774829855,"social":24.6576560118759,"action":10.770329614269,"fascinating":6.32455532033676,"face":8.36660026534076,"muslim-american":6.6332495807108,"dream":10.1980390271856,"flourishing":6.70820393249937,"odds":6.40312423743285,"post-9":6.48074069840786},
{"term":"student","rami":14.1067359796659,"nashashibi":12.2882057274445,"uses":6.32455532033676,"graffiti":5.56776436283002,"calligraphy":6.16441400296898,"hip-hop":8.88819441731559,"work":36.6606055596467,"healing":12.8062484748657,"force":6.16441400296898,"south":9.74679434480896,"side":24.7790233867277,"chicago":27.5317997958724,"palestinian-american":5.56776436283002,"started":19.131126469709,"activism":6.92820323027551,"at-risk":5.56776436283002,"urban":7.48331477354788,"muslim":72.8148336535901,"families":7.81024967590665,"especially":17.0880074906351,"youth":5.8309518948453,"still":29.6141857899217,"college":7.74596669241483,"student":0,"now":67.4610999020917,"leader":9.69535971483266,"globally-emulated":5.56776436283002,"project":10.0995049383621,"converging":5.56776436283002,"religious":44.2605919526615,"virtues":7.21110255092798,"arts":8.06225774829855,"social":26.8700576850888,"action":10.9544511501033,"fascinating":6.16441400296898,"face":9.89949493661167,"muslim-american":5.65685424949238,"dream":8.36660026534076,"flourishing":5.56776436283002,"odds":5,"post-9":5.65685424949238},
{"term":"now","rami":67.955868032128,"nashashibi":68.07348970047,"uses":68.9274981411628,"graffiti":69.5269731830748,"calligraphy":69.1447756522501,"hip-hop":68.4835746730557,"work":46.6797600679352,"healing":65.4140657657052,"force":67.4759216313494,"south":65.6201188660917,"side":58.2322934461627,"chicago":67.9926466612383,"palestinian-american":69.9857128276908,"started":59.2536918681022,"activism":69.173694422085,"at-risk":69.9857128276908,"urban":68.5346627627218,"muslim":75.1598296964542,"families":65.5133574166368,"especially":62.104750220897,"youth":69.5197813575388,"still":52.5166640220035,"college":65.9621103361619,"student":67.4610999020917,"now":0,"leader":66.5807780068692,"globally-emulated":69.9857128276908,"project":67.6387462923434,"converging":69.5988505652213,"religious":54.3874985635486,"virtues":67.8454125199339,"arts":68.1615727518079,"social":61.3269924258479,"action":64.6606526413088,"fascinating":68.2568677863261,"face":64.0702739185654,"muslim-american":69.8641538988343,"dream":66.6858305789168,"flourishing":69.9857128276908,"odds":68.6585755750875,"post-9":69.6203993093978},
{"term":"leader","rami":16.7032930884901,"nashashibi":15.0665191733194,"uses":8.83176086632785,"graffiti":9.32737905308882,"calligraphy":9.59166304662544,"hip-hop":12.1243556529821,"work":37.7359245282264,"healing":17.9443584449264,"force":9.79795897113271,"south":10.4403065089106,"side":26.9072480941474,"chicago":28.9482296522603,"palestinian-american":9.1104335791443,"started":18.7082869338697,"activism":10,"at-risk":9.1104335791443,"urban":10.9544511501033,"muslim":71.7356257378438,"families":11.1803398874989,"especially":17.7200451466693,"youth":9.38083151964686,"still":29.0688837074973,"college":9.59166304662544,"student":9.69535971483266,"now":66.5807780068692,"leader":0,"globally-emulated":9.1104335791443,"project":12.1655250605964,"converging":9.21954445729289,"religious":43.692104549907,"virtues":9.89949493661167,"arts":11,"social":26.4196896272458,"action":12.5698050899765,"fascinating":9.38083151964686,"face":8.60232526704263,"muslim-american":8.94427190999916,"dream":12.4899959967968,"flourishing":9.1104335791443,"odds":8.54400374531753,"post-9":8.83176086632785},
{"term":"globally-emulated","rami":14,"nashashibi":12,"uses":3,"graffiti":2,"calligraphy":3.60555127546399,"hip-hop":8,"work":38.9743505398102,"healing":15.9059737205869,"force":5.19615242270663,"south":8.94427190999916,"side":26.4007575648882,"chicago":28.0891438103763,"palestinian-american":0,"started":19.2093727122985,"activism":4.12310562561766,"at-risk":0,"urban":6.08276253029822,"muslim":73.2051910727648,"families":8,"especially":17.058722109232,"youth":2.23606797749979,"still":30.8220700148449,"college":6.70820393249937,"student":5.56776436283002,"now":69.9857128276908,"leader":9.1104335791443,"globally-emulated":0,"project":8.88819441731559,"converging":1.4142135623731,"religious":45.1663591625449,"virtues":5,"arts":6.78232998312527,"social":26.8886593194975,"action":11.3578166916005,"fascinating":3.87298334620742,"face":9,"muslim-american":1,"dream":9,"flourishing":0,"odds":2.82842712474619,"post-9":1.73205080756888},
{"term":"project","rami":14.7986485869487,"nashashibi":13.228756555323,"uses":9.16515138991168,"graffiti":8.66025403784439,"calligraphy":8.94427190999916,"hip-hop":10.5356537528527,"work":37.2021504754766,"healing":17.2046505340853,"force":9.89949493661167,"south":10.9087121146357,"side":22.1359436211787,"chicago":27.459060435492,"palestinian-american":8.88819441731559,"started":19.8997487421324,"activism":9.79795897113271,"at-risk":8.88819441731559,"urban":9.38083151964686,"muslim":72.759879054325,"families":10.1488915650922,"especially":18.0554700852678,"youth":8.94427190999916,"still":28.7576076890968,"college":9.59166304662544,"student":10.0995049383621,"now":67.6387462923434,"leader":12.1655250605964,"globally-emulated":8.88819441731559,"project":0,"converging":8.66025403784439,"religious":43.7607129740821,"virtues":9.69535971483266,"arts":10.0498756211209,"social":24.576411454889,"action":12.7279220613579,"fascinating":8.60232526704263,"face":10.8627804912002,"muslim-american":8.94427190999916,"dream":11.3137084989848,"flourishing":8.88819441731559,"odds":9.1104335791443,"post-9":9.05538513813742},
{"term":"converging","rami":13.0384048104053,"nashashibi":11.0453610171873,"uses":3.3166247903554,"graffiti":1.4142135623731,"calligraphy":3,"hip-hop":7.07106781186548,"work":38.6393581727233,"healing":15.9687194226713,"force":5.19615242270663,"south":8.24621125123532,"side":25.9807621135332,"chicago":27.1108834234519,"palestinian-american":1.4142135623731,"started":18.6815416922694,"activism":4.35889894354067,"at-risk":1.4142135623731,"urban":5.19615242270663,"muslim":72.7392603756733,"families":7.48331477354788,"especially":17,"youth":1.73205080756888,"still":30.199337741083,"college":6.40312423743285,"student":5.56776436283002,"now":69.5988505652213,"leader":9.21954445729289,"globally-emulated":1.4142135623731,"project":8.66025403784439,"converging":0,"religious":45.0111097397076,"virtues":4.58257569495584,"arts":6,"social":25.9422435421457,"action":10.9087121146357,"fascinating":3.87298334620742,"face":9,"muslim-american":1.73205080756888,"dream":8.18535277187245,"flourishing":1.4142135623731,"odds":3.16227766016838,"post-9":2.23606797749979},
{"term":"religious","rami":45.7820925690384,"nashashibi":45.4312667664022,"uses":43.6004587131833,"graffiti":44.988887516808,"calligraphy":44.9332838773219,"hip-hop":44.988887516808,"work":38.2491829978106,"healing":45.7930125674212,"force":43.5315977193578,"south":41.1096095821889,"side":41.146081222882,"chicago":50.4479930225178,"palestinian-american":45.1663591625449,"started":41.7013189239861,"activism":45.1995575199581,"at-risk":45.1663591625449,"urban":44.9110231457712,"muslim":76.124897372673,"families":44.5421149026402,"especially":42.3910367884533,"youth":45,"still":40.7921561087423,"college":43.0232495285979,"student":44.2605919526615,"now":54.3874985635486,"leader":43.692104549907,"globally-emulated":45.1663591625449,"project":43.7607129740821,"converging":45.0111097397076,"religious":0,"virtues":43.0464865000618,"arts":44.8330235429198,"social":41.4366987102013,"action":41.1703777004778,"fascinating":43.3012701892219,"face":41.4366987102013,"muslim-american":45.0222167379617,"dream":43.692104549907,"flourishing":45.1663591625449,"odds":44.5645599103144,"post-9":44.9110231457712},
{"term":"virtues","rami":12.8452325786651,"nashashibi":11,"uses":5.09901951359278,"graffiti":4.58257569495584,"calligraphy":5.09901951359278,"hip-hop":7.54983443527075,"work":37.5765884561119,"healing":16.5529453572468,"force":6.92820323027551,"south":8.66025403784439,"side":25.5734237050888,"chicago":26.4952825989835,"palestinian-american":5,"started":18.3847763108502,"activism":5.65685424949238,"at-risk":5,"urban":6.16441400296898,"muslim":71.7913643831903,"families":8.06225774829855,"especially":17.0293863659264,"youth":5.09901951359278,"still":29.5803989154981,"college":7.74596669241483,"student":7.21110255092798,"now":67.8454125199339,"leader":9.89949493661167,"globally-emulated":5,"project":9.69535971483266,"converging":4.58257569495584,"religious":43.0464865000618,"virtues":0,"arts":6.70820393249937,"social":25.298221281347,"action":10.770329614269,"fascinating":5.47722557505166,"face":9.69535971483266,"muslim-american":5.09901951359278,"dream":8.36660026534076,"flourishing":5,"odds":5.56776436283002,"post-9":5.29150262212918},
{"term":"arts","rami":8.60232526704263,"nashashibi":6.78232998312527,"uses":6.557438524302,"graffiti":5.09901951359278,"calligraphy":3.3166247903554,"hip-hop":3.74165738677394,"work":37.296112397943,"healing":17.1172427686237,"force":8.42614977317636,"south":8,"side":24.5560583156173,"chicago":22.3383079036887,"palestinian-american":6.78232998312527,"started":18.1383571472171,"activism":7.93725393319377,"at-risk":6.78232998312527,"urban":3.3166247903554,"muslim":69.9213844256534,"families":7.07106781186548,"especially":17.9164728671689,"youth":7.14142842854285,"still":27.7848879788996,"college":8.06225774829855,"student":8.06225774829855,"now":68.1615727518079,"leader":11,"globally-emulated":6.78232998312527,"project":10.0498756211209,"converging":6,"religious":44.8330235429198,"virtues":6.70820393249937,"arts":0,"social":26.5141471671257,"action":9.74679434480896,"fascinating":7.81024967590665,"face":10.4403065089106,"muslim-american":6.85565460040104,"dream":5.56776436283002,"flourishing":6.78232998312527,"odds":7.21110255092798,"post-9":6.557438524302},
{"term":"social","rami":27.9105714739057,"nashashibi":27.3313007374329,"uses":26.8700576850888,"graffiti":26.5894716006167,"calligraphy":26.5706605111728,"hip-hop":26.5894716006167,"work":37.973675092095,"healing":29.5972971738975,"force":26.0384331325831,"south":24.1453929352993,"side":28.8097205817759,"chicago":34.7850542618522,"palestinian-american":26.8886593194975,"started":23.4946802489415,"activism":26.7955220139485,"at-risk":26.8886593194975,"urban":26.4575131106459,"muslim":72,"families":26.0959767013998,"especially":25.9615099714943,"youth":25.3377189186399,"still":30.7733651068582,"college":24.6576560118759,"student":26.8700576850888,"now":61.3269924258479,"leader":26.4196896272458,"globally-emulated":26.8886593194975,"project":24.576411454889,"converging":25.9422435421457,"religious":41.4366987102013,"virtues":25.298221281347,"arts":26.5141471671257,"social":0,"action":26.1916017074176,"fascinating":24.6981780704569,"face":26,"muslim-american":26.7955220139485,"dream":26.4196896272458,"flourishing":26.8886593194975,"odds":26.7020598456374,"post-9":26.8328157299975},
{"term":"action","rami":12.5299640861417,"nashashibi":11.3578166916005,"uses":11.3137084989848,"graffiti":10.4403065089106,"calligraphy":10.295630140987,"hip-hop":9.8488578017961,"work":35.4118624192515,"healing":18,"force":11.3137084989848,"south":8.54400374531753,"side":22.0907220343745,"chicago":24.0416305603426,"palestinian-american":11.3578166916005,"started":20,"activism":11.8321595661992,"at-risk":11.3578166916005,"urban":9.69535971483266,"muslim":68.5419579527752,"families":10.4403065089106,"especially":18.9208879284245,"youth":11.5758369027902,"still":26.3248931621764,"college":10.770329614269,"student":10.9544511501033,"now":64.6606526413088,"leader":12.5698050899765,"globally-emulated":11.3578166916005,"project":12.7279220613579,"converging":10.9087121146357,"religious":41.1703777004778,"virtues":10.770329614269,"arts":9.74679434480896,"social":26.1916017074176,"action":0,"fascinating":11.4017542509914,"face":11.6619037896906,"muslim-american":11.4017542509914,"dream":9.16515138991168,"flourishing":11.3578166916005,"odds":10.5356537528527,"post-9":11.4891252930761},
{"term":"fascinating","rami":14.5258390463339,"nashashibi":12.6095202129185,"uses":4.69041575982343,"graffiti":4.35889894354067,"calligraphy":5.29150262212918,"hip-hop":8.88819441731559,"work":37.868192457523,"healing":15.9373774505092,"force":5.8309518948453,"south":9.21954445729289,"side":25.4165300542777,"chicago":28.3196045170126,"palestinian-american":3.87298334620742,"started":18.3303027798234,"activism":4.69041575982343,"at-risk":3.87298334620742,"urban":7.21110255092798,"muslim":72.069410986909,"families":8.30662386291807,"especially":16.062378404209,"youth":4,"still":29.9833287011299,"college":6.32455532033676,"student":6.16441400296898,"now":68.2568677863261,"leader":9.38083151964686,"globally-emulated":3.87298334620742,"project":8.60232526704263,"converging":3.87298334620742,"religious":43.3012701892219,"virtues":5.47722557505166,"arts":7.81024967590665,"social":24.6981780704569,"action":11.4017542509914,"fascinating":0,"face":9.38083151964686,"muslim-american":3.46410161513775,"dream":9.2736184954957,"flourishing":3.87298334620742,"odds":4.35889894354067,"post-9":3.74165738677394},
{"term":"face","rami":15.7797338380595,"nashashibi":14.1774468787578,"uses":8.60232526704263,"graffiti":9,"calligraphy":9.38083151964686,"hip-hop":11.3578166916005,"work":35.7770876399966,"healing":18,"force":9.16515138991168,"south":9.1104335791443,"side":23.832750575626,"chicago":28.2134719593318,"palestinian-american":9,"started":15.4272486205415,"activism":9.48683298050514,"at-risk":9,"urban":10.0995049383621,"muslim":71.3161973187017,"families":9.53939201416946,"especially":16.8522995463527,"youth":9.16515138991168,"still":27.0370116691915,"college":8.36660026534076,"student":9.89949493661167,"now":64.0702739185654,"leader":8.60232526704263,"globally-emulated":9,"project":10.8627804912002,"converging":9,"religious":41.4366987102013,"virtues":9.69535971483266,"arts":10.4403065089106,"social":26,"action":11.6619037896906,"fascinating":9.38083151964686,"face":0,"muslim-american":9.05538513813742,"dream":11.4017542509914,"flourishing":9,"odds":8.30662386291807,"post-9":9.16515138991168},
{"term":"muslim-american","rami":14.0356688476182,"nashashibi":12.0415945787923,"uses":3.16227766016838,"graffiti":2.23606797749979,"calligraphy":3.74165738677394,"hip-hop":8.06225774829855,"work":38.8072158238645,"healing":15.8745078663875,"force":5.29150262212918,"south":9,"side":26.3818119165458,"chicago":28.1069386451104,"palestinian-american":1,"started":19.1833260932509,"activism":4.24264068711928,"at-risk":1,"urban":6.16441400296898,"muslim":72.5947656515261,"families":8.06225774829855,"especially":16.8522995463527,"youth":2.44948974278318,"still":30.7408522978788,"college":6.6332495807108,"student":5.65685424949238,"now":69.8641538988343,"leader":8.94427190999916,"globally-emulated":1,"project":8.94427190999916,"converging":1.73205080756888,"religious":45.0222167379617,"virtues":5.09901951359278,"arts":6.85565460040104,"social":26.7955220139485,"action":11.4017542509914,"fascinating":3.46410161513775,"face":9.05538513813742,"muslim-american":0,"dream":8.94427190999916,"flourishing":1,"odds":3,"post-9":1.4142135623731},
